world: 420ce1e5-356e-415b-995f-9ae5fa715874
world-name: world
x: -295.64860675284586
y: 89.0
z: -592.262156167793
yaw: 8.8355712890625
pitch: 24.899145126342773
name: cheststore
lastowner: 1fdb0c0c-65f4-485e-8cfc-c96caefba3b1
