world: 420ce1e5-356e-415b-995f-9ae5fa715874
world-name: world
x: 932.1640313317713
y: 81.0
z: -940.2505112995958
yaw: 62.26266098022461
pitch: 19.64866828918457
name: metro1
lastowner: 1fdb0c0c-65f4-485e-8cfc-c96caefba3b1
