world: 420ce1e5-356e-415b-995f-9ae5fa715874
world-name: world
x: 192.57479294186018
y: 5.0
z: 184.08628805508636
yaw: 140.94647216796875
pitch: 26.700088500976562
name: metros3
lastowner: 56176214-96ec-4806-8162-7fc6028cc8de
