world: 420ce1e5-356e-415b-995f-9ae5fa715874
world-name: world
x: 1.4095894786804015
y: 4.0
z: -18.471332029415375
yaw: 14.399993896484375
pitch: 22.49995231628418
name: metro
lastowner: 1fdb0c0c-65f4-485e-8cfc-c96caefba3b1
