world: 420ce1e5-356e-415b-995f-9ae5fa715874
world-name: world
x: 931.5961941551127
y: 81.0
z: -841.2843215341834
yaw: 69.3125
pitch: 21.748432159423828
name: metros2
lastowner: 1fdb0c0c-65f4-485e-8cfc-c96caefba3b1
