world: 420ce1e5-356e-415b-995f-9ae5fa715874
world-name: world
x: 883.9843698135217
y: 81.0
z: -840.1308778803773
yaw: 74.86257934570312
pitch: 8.098408699035645
name: metro3
lastowner: 56176214-96ec-4806-8162-7fc6028cc8de
