world: 420ce1e5-356e-415b-995f-9ae5fa715874
world-name: world
x: 450.2894857467569
y: 5.0
z: 42.060412058955635
yaw: 93.75238037109375
pitch: 7.65051794052124
name: metro2
lastowner: 1fdb0c0c-65f4-485e-8cfc-c96caefba3b1
